const std::array<int, 64> KING_EVAL_MAP =
{
20,  40,  5,   0,   0,  5,  40,  20,   // rank 1
0,  0,   0,   0,   0,   0,  0,  0,   // rank 2
-5, -5, -15, -20, -20, -15, -5, -5,   // rank 3
-15, -20, -30, -35, -35, -30, -20, -15,   // rank 4
-20, -30, -35, -40, -40, -35, -30, -20,   // rank 5
-30, -35, -40, -50, -50, -40, -35, -30,   // rank 6
-35, -40, -50, -55, -55, -50, -40, -35,   // rank 7
-40, -50, -55, -65, -65, -55, -50, -40    // rank 8
};

const std::array<int, 64> KING_LATE_EVAL_MAP =
{
-15,  -5, -5, -5, -5, -5,  -5,  -15,
-5, 0, 5, 5, 5, 5, 0, -5,
-5, 15, 20, 20, 20, 20, 15, -5,
-5, 15, 20, 25, 25, 20, 15, -5,
-5, 15, 20, 25, 25, 20, 15, -5,
-5, 15, 20, 20, 20, 20, 15, -5,
-5, 5, 5, 5, 5, 5, 5, -5,
-5,  -5, -5, -5, -5, -5,  -5, -5
};

const std::array<int, NUM_SQUARES> ROOK_EVAL_MAP = 
{
-10,  -5,  25,  30,  30,  25,  -5,  -10,
10,  10, 20, 20, 20, 20,  10,  10,
0,  0, 10, 20, 20, 20,  0,  0,
0,  0, 10, 20, 20, 20,  0,  0,
0,  0, 10, 20, 20, 20,  0,  0,
0,  0, 10, 20, 20, 20,  0,  0,
20,  20, 25, 30, 30, 25,  20,  20,
0,  0, 10, 10, 10, 10,  0,  0
};

const std::array<int, NUM_SQUARES> BISHOP_EVAL_MAP =
{
-15, -10, -5, -5, -5, -5, -10, -15,
-5, 5, 5, 5, 5, 5, 5, -5, 
-5, 5, 20, 20, 20, 20, 5, -5, 
-5, 5, 20, 25, 25, 20, 5, -5, 
-5, 5, 20, 25, 25, 20, 5, -5, 
-5, 5, 20, 20, 20, 20, 5, -5, 
-5, 5, 5, 5, 5, 5, 5, -5, 
-15, -10, -5, -5, -5, -5, -10, -15
};

const std::array<int, NUM_SQUARES> KNIGHT_EVAL_MAP = 
{
-25, -20,  -10,  -10,  -10,  -10, -20, -25,
-10,   0, 10, 10, 10, 10,   0, -10,
-10,  10, 30, 30, 30, 30,  10,   -10,
-10,  10, 30, 40, 40, 30,  10,   -10,
-10,  10, 30, 40, 40, 30,  10,   -10,
-10,  10, 20, 20, 20, 20,  10,   -10,
-10,   0, 10, 10, 10, 10,   0, -10,
-20, -10,  -5,  -5, -5, -5, -5, -20
};

const std::array<int, NUM_SQUARES> QUEEN_EVAL_MAP = 
{
0,  0, 10, 10, 10, 10,  0,  0,
0, 10, 20, 20, 20, 20, 10,  0,
10, 20, 30, 30, 30, 30, 20, 10,
10, 20, 30, 45, 45, 30, 20, 10,
10, 20, 30, 45, 45, 30, 20, 10,
10, 20, 30, 30, 30, 30, 20, 10,
0, 10, 20, 20, 20, 20, 10,  0,
0,  0, 10, 10, 10, 10,  0,  0
};

const std::array<int, 64> PAWN_EVAL_MAP =
{
0,  0,  0,  0,  0,  0,  0,  0,   // rank 1
5,  5,  5,  5,  5,  5,  5,  5,   // rank 2
5, 5, 15, 20, 20, 15, 5, 5,
10, 10, 30, 40, 40, 30, 10, 10,
15, 15, 15, 30, 30, 15, 15, 15,
40, 40, 40, 40, 40, 40, 40, 20,
50, 50, 50, 50, 50, 50, 50, 50,
0,  0,  0,  0,  0,  0,  0,  0,  // not reachable for pawn
};